   Crim     Zn Indu Chas   Nox   Rm  Age  Dis RadTax PtratB     Lstat Medv 
   0.00632  18 2.31  0.538 6.57565.2    4 900  1 296 15.3 396.9  4.98   24
   0.02731   0 7.07  0.469 6.42178.9  4.9 671  2 242 17.8 396.9  9.14 21.6
   0.02729   0 7.07  0.469 7.18561.1  4.9 671  2 242 17.8392.83  4.03 34.7
   0.03237   0 2.18  0.458 6.99845.8    6 622  3 222 18.7394.63  2.94 33.4
   0.06905   0 2.18  0.458 7.14754.2    6 622  3 222 18.7 396.9  5.33 36.2
   0.02985   0 2.18  0.458  6.4358.7    6 622  3 222 18.7394.12  5.21 28.7
   0.0882912.5 7.87  0.524 6.01266.6  5.5 605  5 311 15.2 395.6 12.43 22.9
   0.1445512.5 7.87  0.524 6.17296.1  5.9 505  5 311 15.2 396.9 19.15 27.1
   0.2112412.5 7.87  0.524 5.631 100    6 821  5 311 15.2386.63 29.93 16.5
   0.1700412.5 7.87  0.524 6.00485.9  6.5 921  5 311 15.2386.71  17.1 18.9
   0.2248912.5 7.87  0.524 6.37794.3  6.3 467  5 311 15.2392.52 20.45   15
   0.1174712.5 7.87  0.524 6.00982.9  6.2 267  5 311 15.2 396.9 13.27 18.9
   0.0937812.5 7.87  0.524 5.889  39  5.4 509  5 311 15.2 390.5 15.71 21.7
   0.62976   0 8.14  0.538 5.94961.8  4.7  75  4 307   21 396.9  8.26 20.4
   0.63796   0 8.14  0.538 6.09684.5  4.4 619  4 307   21380.02 10.26 18.2
   0.62739   0 8.14  0.538 5.83456.5  4.4 986  4 307   21395.62  8.47 19.9
   1.05393   0 8.14  0.538 5.93529.3  4.4 986  4 307   21386.85  6.58 23.1
    0.7842   0 8.14  0.538  5.9981.7  4.2 579  4 307   21386.75 14.67 17.5
   0.80271   0 8.14  0.538 5.45636.6  3.7 965  4 307   21288.99 11.69 20.2
    0.7258   0 8.14  0.538 5.72769.5  3.7 965  4 307   21390.95 11.28 18.2
   1.25179   0 8.14  0.538  5.5798.1  3.7 979  4 307   21376.57 21.02 13.6
   0.85204   0 8.14  0.538 5.96589.2    4 123  4 307   21392.53 13.83 19.6
   1.23247   0 8.14  0.538 6.14291.7  3.9 769  4 307   21 396.9 18.72 15.2
   0.98843   0 8.14  0.538 5.813 100    4 952  4 307   21394.54 19.88 14.5
   0.75026   0 8.14  0.538 5.92494.1  4.3 996  4 307   21394.33  16.3 15.6
   0.84054   0 8.14  0.538 5.59985.7  4.4 546  4 307   21303.42 16.51 13.9
   0.67191   0 8.14  0.538 5.81390.3  4.6 820  4 307   21376.88 14.81 16.6
   0.95577   0 8.14  0.538 6.04788.8  4.4 534  4 307   21306.38 17.28 14.8
   0.77299   0 8.14  0.538 6.49594.4  4.4 547  4 307   21387.94  12.8 18.4
   1.00245   0 8.14  0.538 6.67487.3  4.2 390  4 307   21380.23 11.98   21
   1.13081   0 8.14  0.538 5.71394.1  4.2 330  4 307   21360.17  22.6 12.7
   1.35472   0 8.14  0.538 6.072 100  4.1 750  4 307   21376.73 13.04 14.5
   1.38799   0 8.14  0.538  5.95  82  3.9 900  4 307   21 232.6 27.71 13.2
   1.15172   0 8.14  0.538 5.701  95  3.7 872  4 307   21358.77 18.35 13.1
   1.61282   0 8.14  0.538 6.09696.9  3.7 598  4 307   21248.31 20.34 13.5
   0.06417   0 5.96  0.499 5.93368.2  3.3 603  5 279 19.2 396.9  9.68 18.9
   0.09744   0 5.96  0.499 5.84161.4  3.3 779  5 279 19.2377.56 11.41   20
   0.08014   0 5.96  0.499  5.8541.5  3.9 342  5 279 19.2 396.9  8.77   21
   0.17505   0 5.96  0.499 5.96630.2  3.8 473  5 279 19.2393.43 10.13 24.7
   0.02763  75 2.95  0.428 6.59521.8  5.4  11  3 252 18.3395.63  4.32 30.8
   0.03359  75 2.95  0.428 7.02415.8  5.4  11  3 252 18.3395.62  1.98 34.9
   0.12744   0 6.91  0.448  6.77 2.9  5.7 209  3 233 17.9385.41  4.84 26.6
    0.1415   0 6.91  0.448 6.169 6.6  5.7 209  3 233 17.9383.37  5.81 25.3
   0.15936   0 6.91  0.448 6.211 6.5  5.7 209  3 233 17.9394.46  7.44 24.7
   0.12269   0 6.91  0.448 6.069  40  5.7 209  3 233 17.9389.39  9.55 21.2
   0.17142   0 6.91  0.448 5.68233.8  5.1   4  3 233 17.9 396.9 10.21 19.3
   0.18836   0 6.91  0.448 5.78633.3  5.1   4  3 233 17.9 396.9 14.15   20
   0.22927   0 6.91  0.448  6.0385.5  5.6 894  3 233 17.9392.74  18.8 16.6
   0.25387   0 6.91  0.448 5.39995.3  5.8 700  3 233 17.9 396.9 30.81 14.4
   0.21977   0 6.91  0.448 5.602  62    6 877  3 233 17.9 396.9  16.2 19.4
   0.08873  21 5.64  0.439 5.96345.7  6.8 147  4 243 16.8395.56 13.45 19.7
   0.04337  21 5.64  0.439 6.115  63  6.8 147  4 243 16.8393.97  9.43 20.5
    0.0536  21 5.64  0.439 6.51121.1  6.8 147  4 243 16.8 396.9  5.28   25
   0.04981  21 5.64  0.439 5.99821.4  6.8 147  4 243 16.8 396.9  8.43 23.4
    0.0136  75    4   0.41 5.88847.6  7.3 197  3 469 21.1 396.9  14.8 18.9
   0.01311  90 1.22  0.403 7.24921.9  8.6 966  5 226 17.9395.93  4.81 35.4
   0.02055  85 0.74   0.41 6.38335.7  9.1 876  2 313 17.3 396.9  5.77 24.7
 0.01432 1   0 1.32  0.411 6.81640.5  8.3 248  5 256 15.1 392.9  3.95 31.6
   0.15445  25 5.13  0.453 6.14529.2  7.8 148  8 284 19.7390.68  6.86 23.3
   0.10328  25 5.13  0.453 5.92747.2  6.9 320  8 284 19.7 396.9  9.22 19.6
   0.14932  25 5.13  0.453 5.74166.2  7.2 254  8 284 19.7395.11 13.15 18.7
   0.17171  25 5.13  0.453 5.96693.4  6.8 185  8 284 19.7378.08 14.44   16
   0.11027  25 5.13  0.453 6.45667.8  7.2 255  8 284 19.7 396.9  6.73 22.2
    0.1265  25 5.13  0.453 6.76243.4  7.9 809  8 284 19.7395.58   9.5   25
   0.0195117.5 1.38 0.4161 7.10459.5  9.2 229  3 216 18.6393.24  8.05   33
   0.03584  80 3.37  0.398  6.2917.8  6.6 115  4 337 16.1 396.9  4.67 23.5
   0.04379  80 3.37  0.398 5.78731.1  6.6 115  4 337 16.1 396.9 10.24 19.4
   0.0578912.5 6.07  0.409 5.87821.4  6.4 980  4 345 18.9396.21   8.1   22
   0.1355412.5 6.07  0.409 5.59436.8  6.4 980  4 345 18.9 396.9 13.09 17.4
   0.1281612.5 6.07  0.409 5.885  33  6.4 980  4 345 18.9 396.9  8.79 20.9
   0.08826   010.81  0.413 6.417 6.6  5.2 873  4 305 19.2383.73  6.72 24.2
   0.15876   010.81  0.413 5.96117.5  5.2 873  4 305 19.2376.94  9.88 21.7
   0.09164   010.81  0.413 6.065 7.8  5.2 873  4 305 19.2390.91  5.52 22.8
   0.19539   010.81  0.413 6.245 6.2  5.2 873  4 305 19.2377.17  7.54 23.4
   0.07896   012.83  0.437 6.273   6  4.2 515  5 398 18.7394.92  6.78 24.1
   0.09512   012.83  0.437 6.286  45  4.5  26  5 398 18.7383.23  8.94 21.4
   0.10153   012.83  0.437 6.27974.5    4 522  5 398 18.7373.66 11.97   20
   0.08707   012.83  0.437  6.1445.8    4 905  5 398 18.7386.96 10.27 20.8
   0.05646   012.83  0.437 6.23253.7    5 141  5 398 18.7 386.4 12.34 21.2
   0.08387   012.83  0.437 5.87436.6  4.5  26  5 398 18.7396.06   9.1 20.3
   0.04113  25 4.86  0.426 6.72733.5  5.4   7  4 281   19 396.9  5.29   28
   0.04462  25 4.86  0.426 6.61970.4  5.4   7  4 281   19395.63  7.22 23.9
   0.03659  25 4.86  0.426 6.30232.2  5.4   7  4 281   19 396.9  6.72 24.8
   0.03551  25 4.86  0.426 6.16746.7  5.4   7  4 281   19390.64  7.51 22.9
   0.05059   0 4.49  0.449 6.389  48  4.7 794  3 247 18.5 396.9  9.62 23.9
   0.05735   0 4.49  0.449  6.6356.1  4.4 377  3 247 18.5 392.3  6.53 26.6
   0.05188   0 4.49  0.449 6.01545.1  4.4 272  3 247 18.5395.99 12.86 22.5
   0.07151   0 4.49  0.449 6.12156.8  3.7 476  3 247 18.5395.15  8.44 22.2
    0.0566   0 3.41  0.489 7.00786.3  3.4 217  2 270 17.8 396.9   5.5 23.6
   0.05302   0 3.41  0.489 7.07963.1  3.4 145  2 270 17.8396.06   5.7 28.7
   0.04684   0 3.41  0.489 6.41766.1    3 923  2 270 17.8392.18  8.81 22.6
   0.03932   0 3.41  0.489 6.40573.9    3 921  2 270 17.8393.55   8.2   22
   0.04203  2815.04  0.464 6.44253.6  3.6 659  4 270 18.2395.01  8.16 22.9
   0.02875  2815.04  0.464 6.21128.9  3.6 659  4 270 18.2396.33  6.21   25
   0.04294  2815.04  0.464 6.24977.3  3.6 150  4 270 18.2 396.9 10.59 20.6
   0.12204   0 2.89  0.445 6.62557.8  3.4 952  2 276   18357.98  6.65 28.4
   0.11504   0 2.89  0.445 6.16369.6  3.4 952  2 276   18391.83 11.34 21.4
   0.12083   0 2.89  0.445 8.069  76  3.4 952  2 276   18 396.9  4.21 38.7
   0.08187   0 2.89  0.445  7.8236.9  3.4 952  2 276   18393.53  3.57 43.8
    0.0686   0 2.89  0.445 7.41662.5  3.4 952  2 276   18 396.9  6.19 33.2
   0.14866   0 8.56   0.52 6.72779.9  2.7 778  5 384 20.9394.76  9.42 27.5
   0.11432   0 8.56   0.52 6.78171.3  2.8 561  5 384 20.9395.58  7.67 26.5
   0.22876   0 8.56   0.52 6.40585.4  2.7 147  5 384 20.9  70.8 10.63 18.6
   0.21161   0 8.56   0.52 6.13787.4  2.7 147  5 384 20.9394.47 13.44 19.3
    0.1396   0 8.56   0.52 6.167  90  2.4 210  5 384 20.9392.69 12.33 20.1
   0.13262   0 8.56   0.52 5.85196.7  2.1  69  5 384 20.9394.05 16.47 19.5
    0.1712   0 8.56   0.52 5.83691.9  2.2 110  5 384 20.9395.67 18.66 19.5
   0.13117   0 8.56   0.52 6.12785.2  2.1 224  5 384 20.9387.69 14.09 20.4
   0.12802   0 8.56   0.52 6.47497.1  2.4 329  5 384 20.9395.24 12.27 19.8
   0.26363   0 8.56   0.52 6.22991.2  2.5 451  5 384 20.9391.23 15.55 19.4
   0.10793   0 8.56   0.52 6.19554.4  2.7 778  5 384 20.9393.49    13 21.7
   0.10084   010.01  0.547 6.71581.6  2.6 775  6 432 17.8395.59 10.16 22.8
   0.12329   010.01  0.547 5.91392.9  2.3 534  6 432 17.8394.95 16.21 18.8
   0.22212   010.01  0.547 6.09295.4  2.5 480  6 432 17.8 396.9 17.09 18.7
   0.14231   010.01  0.547 6.25484.2  2.2 565  6 432 17.8388.74 10.45 18.5
   0.17134   010.01  0.547 5.92888.2  2.4 631  6 432 17.8344.91 15.76 18.3
   0.13158   010.01  0.547 6.17672.5  2.7 301  6 432 17.8 393.3 12.04 21.2
   0.15098   010.01  0.547 6.02182.6  2.7 474  6 432 17.8394.51  10.3 19.2
   0.13058   010.01  0.547 5.87273.1  2.4 775  6 432 17.8338.63 15.37 20.4
   0.14476   010.01  0.547 5.73165.2  2.7 592  6 432 17.8 391.5 13.61 19.3
   0.06899   025.65  0.581  5.8769.7  2.2 577  2 188 19.1389.15 14.37   22
   0.07165   025.65  0.581 6.00484.1  2.1 974  2 188 19.1377.67 14.27 20.3
   0.09299   025.65  0.581 5.96192.9    2 869  2 188 19.1378.09 17.93 20.5
   0.15038   025.65  0.581 5.856  97  1.9 444  2 188 19.1370.31 25.41 17.3
   0.09849   025.65  0.581 5.87995.8    2  63  2 188 19.1379.38 17.58 18.8
   0.16902   025.65  0.581 5.98688.4  1.9 929  2 188 19.1385.02 14.81 21.4
   0.38735   025.65  0.581 5.61395.6  1.7 572  2 188 19.1359.29 27.26 15.7
   0.25915   021.89  0.624 5.693  96  1.7 883  4 437 21.2392.11 17.19 16.2
   0.32543   021.89  0.624 6.43198.8  1.8 125  4 437 21.2 396.9 15.39   18
   0.88125   021.89  0.624 5.63794.7  1.9 799  4 437 21.2 396.9 18.34 14.3
   0.34006   021.89  0.624 6.45898.9  2.1 185  4 437 21.2395.04  12.6 19.2
   1.19294   021.89  0.624 6.32697.7  2.2 710  4 437 21.2 396.9 12.26 19.6
   0.59005   021.89  0.624 6.37297.9  2.3 274  4 437 21.2385.76 11.12   23
   0.32982   021.89  0.624 5.82295.4  2.4 699  4 437 21.2388.69 15.03 18.4
   0.97617   021.89  0.624 5.75798.4  2.3 460  4 437 21.2262.76 17.31 15.6
   0.55778   021.89  0.624 6.33598.2  2.1 107  4 437 21.2394.67 16.96 18.1
   0.32264   021.89  0.624 5.94293.5  1.9 669  4 437 21.2378.25  16.9 17.4
   0.35233   021.89  0.624 6.45498.4  1.8 498  4 437 21.2394.08 14.59 17.1
    0.2498   021.89  0.624 5.85798.2  1.6 686  4 437 21.2392.04 21.32 13.3
   0.54452   021.89  0.624 6.15197.9  1.6 687  4 437 21.2 396.9 18.46 17.8
    0.2909   021.89  0.624 6.17493.6  1.6 119  4 437 21.2388.08 24.16   14
   1.62864   021.89  0.624 5.019 100  1.4 394  4 437 21.2 396.9 34.41 14.4
   3.32105   019.58  0.871 5.403 100  1.3 216  5 403 14.7 396.9 26.82 13.4
    4.0974   019.58  0.871 5.468 100  1.4 118  5 403 14.7 396.9 26.42 15.6
   2.77974   019.58  0.871 4.90397.8  1.3 459  5 403 14.7 396.9 29.29 11.8
   2.37934   019.58  0.871  6.13 100  1.4 191  5 403 14.7172.91  27.8 13.8
   2.15505   019.58  0.871 5.628 100  1.5 166  5 403 14.7169.27 16.65 15.6
   2.36862   019.58  0.871 4.92695.7  1.4 608  5 403 14.7391.71 29.53 14.6
   2.33099   019.58  0.871 5.18693.8  1.5 296  5 403 14.7356.99 28.32 17.8
   2.73397   019.58  0.871 5.59794.9  1.5 257  5 403 14.7351.85 21.45 15.4
    1.6566   019.58  0.871 6.12297.3  1.6 180  5 403 14.7 372.8  14.1 21.5
   1.49632   019.58  0.871 5.404 100  1.5 916  5 403 14.7 341.6 13.28 19.6
   1.12658   019.58  0.871 5.012  88  1.6 102  5 403 14.7343.28 12.12 15.3
   2.14918   019.58  0.871 5.70998.5  1.6 232  5 403 14.7261.95 15.79 19.4
   1.41385   019.58  0.871 6.129  96  1.7 494  5 403 14.7321.02 15.12   17
   3.53501   019.58  0.871 6.15282.6  1.7 455  5 403 14.7 88.01 15.02 15.6
   2.44668   019.58  0.871 5.272  94  1.7 364  5 403 14.7 88.63 16.14 13.1
   1.22358   019.58  0.605 6.94397.4  1.8 773  5 403 14.7363.43  4.59 41.3
   1.34284   019.58  0.605 6.066 100  1.7 573  5 403 14.7353.89  6.43 24.3
   1.42502   019.58  0.871  6.51 100  1.7 659  5 403 14.7364.31  7.39 23.3
   1.27346   019.58  0.605  6.2592.6  1.7 984  5 403 14.7338.92   5.5   27
   1.46336   019.58  0.605 7.48990.8  1.9 709  5 403 14.7374.43  1.73   50
   1.83377   019.58  0.605 7.80298.2    2 407  5 403 14.7389.61  1.92   50
   1.51902   019.58  0.605 8.37593.9  2.1 620  5 403 14.7388.45  3.32   50
   2.24236   019.58  0.605 5.85491.8  2.4 220  5 403 14.7395.11 11.64 22.7
     2.924   019.58  0.605 6.101  93  2.2 834  5 403 14.7240.16  9.81   25
   2.01019   019.58  0.605 7.92996.2    2 459  5 403 14.7 369.3   3.7   50
   1.80028   019.58  0.605 5.87779.2  2.4 259  5 403 14.7227.61 12.14 23.8
    2.3004   019.58  0.605 6.31996.1  2.1   0  5 403 14.7297.09  11.1 23.8
   2.44953   019.58  0.605 6.40295.2  2.2 625  5 403 14.7330.04 11.32 22.3
   1.20742   019.58  0.605 5.87594.6  2.4 259  5 403 14.7292.29 14.43 17.4
    2.3139   019.58  0.605  5.8897.3  2.3 887  5 403 14.7348.13 12.03 19.1
   0.13914   0 4.05   0.51 5.57288.5  2.5 961  5 296 16.6 396.9 14.69 23.1
   0.09178   0 4.05   0.51 6.41684.1  2.6 463  5 296 16.6 395.5  9.04 23.6
   0.08447   0 4.05   0.51 5.85968.7  2.7  19  5 296 16.6393.23  9.64 22.6
   0.06664   0 4.05   0.51 6.54633.1  3.1 323  5 296 16.6390.96  5.33 29.4
   0.07022   0 4.05   0.51  6.0247.2  3.5 549  5 296 16.6393.23 10.11 23.2
   0.05425   0 4.05   0.51 6.31573.4  3.3 175  5 296 16.6 395.6  6.29 24.6
   0.06642   0 4.05   0.51  6.8674.4  2.9 153  5 296 16.6391.27  6.92 29.9
    0.0578   0 2.46  0.488  6.9858.4  2.8 290  3 193 17.8 396.9  5.04 37.2
   0.06588   0 2.46  0.488 7.76583.3  2.7 410  3 193 17.8395.56  7.56 39.8
   0.06888   0 2.46  0.488 6.14462.2  2.5 979  3 193 17.8 396.9  9.45 36.2
   0.09103   0 2.46  0.488 7.15592.2  2.7   6  3 193 17.8394.12  4.82 37.9
   0.10008   0 2.46  0.488 6.56395.6  2.8 470  3 193 17.8 396.9  5.68 32.5
   0.08308   0 2.46  0.488 5.60489.8  2.9 879  3 193 17.8   391 13.98 26.4
   0.06047   0 2.46  0.488 6.15368.8  3.2 797  3 193 17.8387.11 13.15 29.6
   0.05602   0 2.46  0.488 7.83153.6  3.1 992  3 193 17.8392.63  4.45   50
   0.07875  45 3.44  0.437 6.78241.1  3.7 886  5 398 15.2393.87  6.68   32
   0.12579  45 3.44  0.437 6.55629.1  4.5 667  5 398 15.2382.84  4.56 29.8
    0.0837  45 3.44  0.437 7.18538.9  4.5 667  5 398 15.2 396.9  5.39 34.9
   0.09068  45 3.44  0.437 6.95121.5  6.4 798  5 398 15.2377.68   5.1   37
   0.06911  45 3.44  0.437 6.73930.8  6.4 798  5 398 15.2389.71  4.69 30.5
   0.08664  45 3.44  0.437 7.17826.3  6.4 798  5 398 15.2390.49  2.87 36.4
   0.02187  60 2.93  0.401   6.8 9.9  6.2 196  1 265 15.6393.37  5.03 31.1
   0.01439  60 2.93  0.401 6.60418.8  6.2 196  1 265 15.6 376.7  4.38 29.1
   0.01381  80 0.46  0.422 7.875  32  5.6 484  4 255 14.4394.23  2.97   50
   0.04011  80 1.52  0.404 7.28734.1  7.3  90  2 329 12.6 396.9  4.08 33.3
   0.04666  80 1.52  0.404 7.10736.6  7.3  90  2 329 12.6354.31  8.61 30.3
   0.03768  80 1.52  0.404 7.27438.3  7.3  90  2 329 12.6 392.2  6.62 34.6
    0.0315  95 1.47  0.403 6.97515.3  7.6 534  3 402   17 396.9  4.56 34.9
   0.01778  95 1.47  0.403 7.13513.9  7.6 534  3 402   17 384.3  4.45 32.9
   0.0344582.5 2.03  0.415 6.16238.4  6.2 700  2 348 14.7393.77  7.43 24.1
   0.0217782.5 2.03  0.415  7.6115.7  6.2 700  2 348 14.7395.38  3.11 42.3
    0.0351  95 2.68 0.4161 7.85333.2  5.1 180  4 224 14.7392.78  3.81 48.5
   0.02009  95 2.68 0.4161 8.03431.9  5.1 180  4 224 14.7390.55  2.88   50
   0.13642   010.59  0.489 5.89122.3  3.9 454  4 277 18.6 396.9 10.87 22.6
   0.22969   010.59  0.489 6.32652.5  4.3 549  4 277 18.6394.87 10.97 24.4
   0.25199   010.59  0.489 5.78372.7  4.3 549  4 277 18.6389.43 18.06 22.5
   0.13587   010.59  0.489 6.06459.1  4.2 392  4 277 18.6381.32 14.66 24.4
   0.43571   010.59  0.489 5.344 100  3.8 750  4 277 18.6 396.9 23.09   20
   0.17446   010.59  0.489  5.9692.1  3.8 771  4 277 18.6393.25 17.27 21.7
   0.37578   010.59  0.489 5.40488.6  3.6 650  4 277 18.6395.24 23.98 19.3
   0.21719   010.59  0.489 5.80753.8  3.6 526  4 277 18.6390.94 16.03 22.4
   0.14052   010.59  0.489 6.37532.3  3.9 454  4 277 18.6385.81  9.38 28.1
   0.28955   010.59  0.489 5.412 9.8  3.5 875  4 277 18.6348.93 29.55 23.7
   0.19802   010.59  0.489 6.18242.4  3.9 454  4 277 18.6393.63  9.47   25
    0.0456   013.89   0.55 5.888  56  3.1 121  5 276 16.4 392.8 13.51 23.3
   0.07013   013.89   0.55 6.64285.1  3.4 211  5 276 16.4392.78  9.69 28.7
   0.11069   013.89   0.55 5.95193.8  2.8 893  5 276 16.4 396.9 17.92 21.5
   0.11425   013.89   0.55 6.37392.4  3.3 633  5 276 16.4393.74  10.5   23
   0.35809   0  6.2  0.507 6.95188.5  2.8 617  8 307 17.4 391.7  9.71 26.7
   0.40771   0  6.2  0.507 6.16491.3    3 480  8 307 17.4395.24 21.46 21.7
   0.62356   0  6.2  0.507 6.87977.7  3.2 721  8 307 17.4390.39  9.93 27.5
    0.6147   0  6.2  0.507 6.61880.8  3.2 721  8 307 17.4 396.9   7.6 30.1
   0.31533   0  6.2  0.504 8.26678.3  2.8 944  8 307 17.4385.05  4.14 44.8
   0.52693   0  6.2  0.504 8.725  83  2.8 944  8 307 17.4   382  4.63   50
   0.38214   0  6.2  0.504  8.0486.5  3.2 157  8 307 17.4387.38  3.13 37.6
   0.41238   0  6.2  0.504 7.16379.9  3.2 157  8 307 17.4372.08  6.36 31.6
   0.29819   0  6.2  0.504 7.686  17  3.3 751  8 307 17.4377.51  3.92 46.7
   0.44178   0  6.2  0.504 6.55221.4  3.3 751  8 307 17.4380.34  3.76 31.5
     0.537   0  6.2  0.504 5.98168.1  3.6 715  8 307 17.4378.35 11.65 24.3
   0.46296   0  6.2  0.504 7.41276.9  3.6 715  8 307 17.4376.14  5.25 31.7
   0.57529   0  6.2  0.507 8.33773.3  3.8 384  8 307 17.4385.91  2.47 41.7
   0.33147   0  6.2  0.507 8.24770.4  3.6 519  8 307 17.4378.95  3.95 48.3
   0.44791   0  6.2  0.507 6.72666.5  3.6 519  8 307 17.4 360.2  8.05   29
   0.33045   0  6.2  0.507 6.08661.5  3.6 519  8 307 17.4376.75 10.88   24
   0.52058   0  6.2  0.507 6.63176.5  4.1 480  8 307 17.4388.45  9.54 25.1
   0.51183   0  6.2  0.507 7.35871.6  4.1 480  8 307 17.4390.07  4.73 31.5
   0.08244  30 4.93  0.428 6.48118.5  6.1 899  6 300 16.6379.41  6.36 23.7
   0.09252  30 4.93  0.428 6.60642.2  6.1 899  6 300 16.6383.78  7.37 23.3
   0.11329  30 4.93  0.428 6.89754.3  6.3 361  6 300 16.6391.25 11.38   22
   0.10612  30 4.93  0.428 6.09565.1  6.3 361  6 300 16.6394.62  12.4 20.1
    0.1029  30 4.93  0.428 6.35852.9    7 355  6 300 16.6372.75 11.22 22.2
   0.12757  30 4.93  0.428 6.393 7.8    7 355  6 300 16.6374.71  5.19 23.7
   0.20608  22 5.86  0.431 5.59376.5  7.9 549  7 330 19.1372.49  12.5 17.6
   0.19133  22 5.86  0.431 5.60570.2  7.9 549  7 330 19.1389.13 18.46 18.5
   0.33983  22 5.86  0.431 6.10834.9    8 555  7 330 19.1390.18  9.16 24.3
   0.19657  22 5.86  0.431 6.22679.2    8 555  7 330 19.1376.14 10.15 20.5
   0.16439  22 5.86  0.431 6.43349.1  7.8 265  7 330 19.1374.71  9.52 24.5
   0.19073  22 5.86  0.431 6.71817.5  7.8 265  7 330 19.1393.74  6.56 26.2
    0.1403  22 5.86  0.431 6.487  13  7.3 967  7 330 19.1396.28   5.9 24.4
   0.21409  22 5.86  0.431 6.438 8.9  7.3 967  7 330 19.1377.07  3.59 24.8
   0.08221  22 5.86  0.431 6.957 6.8  8.9  67  7 330 19.1386.09  3.53 29.6
   0.36894  22 5.86  0.431 8.259 8.4  8.9  67  7 330 19.1 396.9  3.54 42.8
   0.04819  80 3.64  0.392 6.108  32  9.2 203  1 315 16.4392.89  6.57 21.9
   0.03548  80 3.64  0.392 5.87619.1  9.2 203  1 315 16.4395.18  9.25 20.9
   0.01538  90 3.75  0.394 7.45434.2  6.3 361  3 244 15.9386.34  3.11   44
   0.61154  20 3.97  0.647 8.70486.9  1.8  10  5 264   13 389.7  5.12   50
   0.66351  20 3.97  0.647 7.333 100  1.8 946  5 264   13383.29  7.79   36
   0.65665  20 3.97  0.647 6.842 100    2 107  5 264   13391.93   6.9 30.1
   0.54011  20 3.97  0.647 7.20381.8  2.1 121  5 264   13 392.8  9.59 33.8
   0.53412  20 3.97  0.647  7.5289.4  2.1 398  5 264   13388.37  7.26 43.1
   0.52014  20 3.97  0.647 8.39891.5  2.2 885  5 264   13386.86  5.91 48.8
   0.82526  20 3.97  0.647 7.32794.5    2 788  5 264   13393.42 11.25   31
   0.55007  20 3.97  0.647 7.20691.6  1.9 301  5 264   13387.89   8.1 36.5
   0.76162  20 3.97  0.647  5.5662.8  1.9 865  5 264   13 392.4 10.45 22.8
    0.7857  20 3.97  0.647 7.01484.6  2.1 329  5 264   13384.07 14.79 30.7
   0.57834  20 3.97  0.575 8.297  67  2.4 216  5 264   13384.54  7.44   50
    0.5405  20 3.97  0.575  7.4752.6  2.8 720  5 264   13 390.3  3.16 43.5
   0.09065  20 6.96  0.464  5.9261.5  3.9 175  3 223 18.6391.34 13.65 20.7
   0.29916  20 6.96  0.464 5.85642.1  4.4 290  3 223 18.6388.65    13 21.1
   0.16211  20 6.96  0.464  6.2416.3  4.4 290  3 223 18.6 396.9  6.59 25.2
    0.1146  20 6.96  0.464 6.53858.7  3.9 175  3 223 18.6394.96  7.73 24.4
   0.22188  20 6.96  0.464 7.69151.8  4.3 665  3 223 18.6390.77  6.58 35.2
   0.05644  40 6.41  0.447 6.75832.9    4 776  4 254 17.6 396.9  3.53 32.4
   0.09604  40 6.41  0.447 6.85442.8  4.2 673  4 254 17.6 396.9  2.98   32
   0.10469  40 6.41  0.447 7.267  49  4.7 872  4 254 17.6389.25  6.05 33.2
   0.06127  40 6.41  0.447 6.82627.6  4.8 628  4 254 17.6393.45  4.16 33.1
   0.07978  40 6.41  0.447 6.48232.1  4.1 403  4 254 17.6 396.9  7.19 29.1
   0.21038  20 3.33 0.4429 6.81232.2  4.1   7  5 216 14.9 396.9  4.85 35.1
   0.03578  20 3.33 0.4429  7.8264.5  4.6 947  5 216 14.9387.31  3.76 45.4
   0.03705  20 3.33 0.4429 6.96837.2  5.2 447  5 216 14.9392.23  4.59 35.4
   0.06129  20 3.33 0.4429 7.64549.7  5.2 119  5 216 14.9377.07  3.01   46
   0.01501  90 1.21  0.401 7.92324.8  5.8 850  1 198 13.6395.52  3.16   50
   0.00906  90 2.97    0.4 7.08820.8  7.3  73  1 285 15.3394.72  7.85 32.2
   0.01096  55 2.25  0.389 6.45331.9  7.3  73  1 300 15.3394.72  8.23   22
   0.01965  80 1.76  0.385  6.2331.5    9 892  1 241 18.2 341.6 12.93 20.1
   0.0387152.5 5.32  0.405 6.20931.3  7.3 172  6 293 16.6 396.9  7.14 23.2
    0.045952.5 5.32  0.405 6.31545.6  7.3 172  6 293 16.6 396.9   7.6 22.3
   0.0429752.5 5.32  0.405 6.56522.9  7.3 172  6 293 16.6371.72  9.51 24.8
   0.03502  80 4.95  0.411 6.86127.9  5.1 167  4 245 19.2 396.9  3.33 28.5
   0.07886  80 4.95  0.411 7.14827.7  5.1 167  4 245 19.2 396.9  3.56 37.3
   0.03615  80 4.95  0.411  6.6323.4  5.1 167  4 245 19.2 396.9   4.7 27.9
   0.08265   013.92  0.437 6.12718.4  5.5  27  4 289   16 396.9  8.58 23.9
   0.08199   013.92  0.437 6.00942.3  5.5  27  4 289   16 396.9  10.4 21.7
   0.12932   013.92  0.437 6.67831.1  5.9 604  4 289   16 396.9  6.27 28.6
   0.05372   013.92  0.437 6.549  51  5.9 604  4 289   16392.85  7.39 27.1
   0.14103   013.92  0.437  5.79  58  6.3 200  4 289   16 396.9 15.84 20.3
   0.06466  70 2.24    0.4 6.34520.1  7.8 278  5 358 14.8368.24  4.97 22.5
   0.05561  70 2.24    0.4 7.041  10  7.8 278  5 358 14.8371.58  4.74   29
   0.04417  70 2.24    0.4 6.87147.4  7.8 278  5 358 14.8390.86  6.07 24.8
   0.03537  34 6.09  0.433  6.5940.4  5.4 917  7 329 16.1395.75   9.5   22
   0.09266  34 6.09  0.433 6.49518.4  5.4 917  7 329 16.1383.61  8.67 26.4
       0.1  34 6.09  0.433 6.98217.7  5.4 917  7 329 16.1390.43  4.86 33.1
   0.05515  33 2.18  0.472 7.23641.1    4 220  7 222 18.4393.68  6.93 36.1
   0.05479  33 2.18  0.472 6.61658.1  3.3 700  7 222 18.4393.36  8.93 28.4
   0.07503  33 2.18  0.472  7.4271.9    3 992  7 222 18.4 396.9  6.47 33.4
   0.04932  33 2.18  0.472 6.84970.3  3.1 827  7 222 18.4 396.9  7.53 28.2
   0.49298   0  9.9  0.544 6.63582.5  3.3 175  4 304 18.4 396.9  4.54 22.8
    0.3494   0  9.9  0.544 5.97276.7  3.1  25  4 304 18.4396.24  9.97 20.3
   2.63548   0  9.9  0.544 4.97337.8  2.5 194  4 304 18.4350.45 12.64 16.1
   0.79041   0  9.9  0.544 6.12252.8  2.6 403  4 304 18.4 396.9  5.98 22.1
   0.26169   0  9.9  0.544 6.02390.4  2.8 340  4 304 18.4 396.3 11.72 19.4
   0.26938   0  9.9  0.544 6.26682.8  3.2 628  4 304 18.4393.39   7.9 21.6
    0.3692   0  9.9  0.544 6.56787.3  3.6  23  4 304 18.4395.69  9.28 23.8
   0.25356   0  9.9  0.544 5.70577.7  3.9 450  4 304 18.4396.42  11.5 16.2
   0.31827   0  9.9  0.544 5.91483.2  3.9 986  4 304 18.4 390.7 18.33 17.8
   0.24522   0  9.9  0.544 5.78271.7    4 317  4 304 18.4 396.9 15.94 19.8
   0.40202   0  9.9  0.544 6.38267.2  3.5 325  4 304 18.4395.21 10.36 23.1
   0.47547   0  9.9  0.544 6.11358.8    4  19  4 304 18.4396.23 12.73   21
    0.1676   0 7.38  0.493 6.42652.3  4.5 404  5 287 19.6 396.9   7.2 23.8
   0.18159   0 7.38  0.493 6.37654.3  4.5 404  5 287 19.6 396.9  6.87 23.1
   0.35114   0 7.38  0.493 6.04149.9  4.7 211  5 287 19.6 396.9   7.7 20.4
   0.28392   0 7.38  0.493 5.70874.3  4.7 211  5 287 19.6391.13 11.74 18.5
   0.34109   0 7.38  0.493 6.41540.1  4.7 211  5 287 19.6 396.9  6.12   25
   0.19186   0 7.38  0.493 6.43114.7  5.4 159  5 287 19.6393.68  5.08 24.6
   0.30347   0 7.38  0.493 6.31228.9  5.4 159  5 287 19.6 396.9  6.15   23
   0.24103   0 7.38  0.493 6.08343.7  5.4 159  5 287 19.6 396.9 12.79 22.2
   0.06617   0 3.24   0.46 5.86825.8  5.2 146  4 430 16.9382.44  9.97 19.3
   0.06724   0 3.24   0.46 6.33317.2  5.2 146  4 430 16.9375.21  7.34 22.6
   0.04544   0 3.24   0.46 6.14432.2  5.8 736  4 430 16.9368.57  9.09 19.8
   0.05023  35 6.06 0.4379 5.70628.4  6.6 407  1 304 16.9394.02 12.43 17.1
   0.03466  35 6.06 0.4379 6.03123.3  6.6 407  1 304 16.9362.25  7.83 19.4
   0.05083   0 5.19  0.515 6.31638.1  6.4 584  5 224 20.2389.71  5.68 22.2
   0.03738   0 5.19  0.515  6.3138.5  6.4 584  5 224 20.2 389.4  6.75 20.7
   0.03961   0 5.19  0.515 6.03734.5  5.9 853  5 224 20.2 396.9  8.01 21.1
   0.03427   0 5.19  0.515 5.86946.3  5.2 311  5 224 20.2 396.9   9.8 19.5
   0.03041   0 5.19  0.515 5.89559.6  5.6 150  5 224 20.2394.81 10.56 18.5
   0.03306   0 5.19  0.515 6.05937.3  4.8 122  5 224 20.2396.14  8.51 20.6
   0.05497   0 5.19  0.515 5.98545.4  4.8 122  5 224 20.2 396.9  9.74   19
   0.06151   0 5.19  0.515 5.96858.5  4.8 122  5 224 20.2 396.9  9.29 18.7
   0.01301  35 1.52  0.442 7.24149.3    7 379  1 284 15.5394.74  5.49 32.7
   0.02498   0 1.89  0.518  6.5459.7  6.2 669  1 422 15.9389.96  8.65 16.5
   0.02543  55 3.78  0.484 6.69656.4  5.7 321  5 370 17.6 396.9  7.18 23.9
   0.03049  55 3.78  0.484 6.87428.1  6.4 654  5 370 17.6387.97  4.61 31.2
   0.03113   0 4.39  0.442 6.01448.5    8 136  3 352 18.8385.64 10.53 17.5
   0.06162   0 4.39  0.442 5.89852.3    8 136  3 352 18.8364.61 12.67 17.2
    0.0187  85 4.15  0.429 6.51627.7  8.5 353  4 351 17.9392.43  6.36 23.1
   0.01501  80 2.01  0.435 6.63529.7  8.3 440  4 280   17390.94  5.99 24.5
   0.02899  40 1.25  0.429 6.93934.5  8.7 921  1 335 19.7389.85  5.89 26.6
   0.06211  40 1.25  0.429  6.4944.4  8.7 921  1 335 19.7 396.9  5.98 22.9
    0.0795  60 1.69  0.411 6.57935.9 10.7 103  4 411 18.3370.78  5.49 24.1
   0.07244  60 1.69  0.411 5.88418.5 10.7 103  4 411 18.3392.33  7.79 18.6
   0.01709  90 2.02   0.41 6.72836.1 12.1 265  5 187   17384.46   4.5 30.1
   0.04301  80 1.91  0.413 5.66321.9 10.5 857  4 334   22 382.8  8.05 18.2
   0.10659  80 1.91  0.413 5.93619.5 10.5 857  4 334   22376.04  5.57 20.6
   8.98296   0 18.1   0.77 6.21297.4  2.1 222 24 666 20.2377.73  17.6 17.8
    3.8497   0 18.1   0.77 6.395  91  2.5  52 24 666 20.2391.34 13.27 21.7
   5.20177   0 18.1   0.77 6.12783.4  2.7 227 24 666 20.2395.43 11.48 22.7
   4.26131   0 18.1   0.77 6.11281.3  2.5  91 24 666 20.2390.74 12.67 22.6
   4.54192   0 18.1   0.77 6.398  88  2.5 182 24 666 20.2374.56  7.79   25
   3.83684   0 18.1   0.77 6.25191.1  2.2 955 24 666 20.2350.65 14.19 19.9
   3.67822   0 18.1   0.77 5.36296.2  2.1  36 24 666 20.2380.79 10.19 20.8
   4.22239   0 18.1   0.77 5.803  89  1.9  47 24 666 20.2353.04 14.64 16.8
   3.47428   0 18.1  0.718  8.7882.9  1.9  47 24 666 20.2354.55  5.29 21.9
   4.55587   0 18.1  0.718 3.56187.9  1.6 132 24 666 20.2 354.7  7.12 27.5
   3.69695   0 18.1  0.718 4.96391.4  1.7 523 24 666 20.2316.03    14 21.9
   13.5222   0 18.1  0.631 3.863 100  1.5 106 24 666 20.2131.42 13.33 23.1
   4.89822   0 18.1  0.631  4.97 100  1.3 325 24 666 20.2375.52  3.26   50
   5.66998   0 18.1  0.631 6.68396.8  1.3 567 24 666 20.2375.33  3.73   50
   6.53876   0 18.1  0.631 7.01697.5  1.2  24 24 666 20.2392.05  2.96   50
    9.2323   0 18.1  0.631 6.216 100  1.1 691 24 666 20.2366.15  9.53   50
   8.26725   0 18.1  0.668 5.87589.6  1.1 296 24 666 20.2347.88  8.88   50
   11.1081   0 18.1  0.668 4.906 100  1.1 742 24 666 20.2 396.9 34.77 13.8
   18.4982   0 18.1  0.668 4.138 100  1.1 370 24 666 20.2 396.9 37.97 13.8
   19.6091   0 18.1  0.671 7.31397.9  1.3 163 24 666 20.2 396.9 13.44   15
    15.288   0 18.1  0.671 6.64993.3  1.3 449 24 666 20.2363.02 23.24 13.9
   9.82349   0 18.1  0.671 6.79498.8  1.3 580 24 666 20.2 396.9 21.24 13.3
   23.6482   0 18.1  0.671  6.3896.2  1.3 861 24 666 20.2 396.9 23.69 13.1
   17.8667   0 18.1  0.671 6.223 100  1.3 861 24 666 20.2393.74 21.78 10.2
   88.9762   0 18.1  0.671 6.96891.9  1.4 165 24 666 20.2 396.9 17.21 10.4
   15.8744   0 18.1  0.671 6.54599.1  1.5 192 24 666 20.2 396.9 21.08 10.9
   9.18702   0 18.1    0.7 5.536 100  1.5 804 24 666 20.2 396.9  23.6 11.3
   7.99248   0 18.1    0.7  5.52 100  1.5 331 24 666 20.2 396.9 24.56 12.3
   20.0849   0 18.1    0.7 4.36891.2  1.4 395 24 666 20.2285.83 30.63  8.8
   16.8118   0 18.1    0.7 5.27798.1  1.4 261 24 666 20.2 396.9 30.81  7.2
   24.3938   0 18.1    0.7 4.652 100  1.4 672 24 666 20.2 396.9 28.28 10.5
   22.5971   0 18.1    0.7     589.5  1.5 184 24 666 20.2 396.9 31.99  7.4
   14.3337   0 18.1    0.7  4.88 100  1.5 895 24 666 20.2372.92 30.62 10.2
   8.15174   0 18.1    0.7  5.3998.9  1.7 281 24 666 20.2 396.9 20.85 11.5
   6.96215   0 18.1    0.7 5.713  97  1.9 265 24 666 20.2394.43 17.11 15.1
   5.29305   0 18.1    0.7 6.05182.5  2.1 678 24 666 20.2378.38 18.76 23.2
   11.5779   0 18.1    0.7 5.036  97  1.7 700 24 666 20.2 396.9 25.68  9.7
   8.64476   0 18.1  0.693 6.19392.6  1.7 912 24 666 20.2 396.9 15.17 13.8
   13.3598   0 18.1  0.693 5.88794.7  1.7 821 24 666 20.2 396.9 16.35 12.7
   8.71675   0 18.1  0.693 6.47198.8  1.7 257 24 666 20.2391.98 17.12 13.1
   5.87205   0 18.1  0.693 6.405  96  1.6 768 24 666 20.2 396.9 19.37 12.5
   7.67202   0 18.1  0.693 5.74798.9  1.6 334 24 666 20.2 393.1 19.92  8.5
   38.3518   0 18.1  0.693 5.453 100  1.4 896 24 666 20.2 396.9 30.59    5
   9.91655   0 18.1  0.693 5.85277.8  1.5   4 24 666 20.2338.16 29.97  6.3
   25.0461   0 18.1  0.693 5.987 100  1.5 888 24 666 20.2 396.9 26.77  5.6
   14.2362   0 18.1  0.693 6.343 100  1.5 741 24 666 20.2 396.9 20.32  7.2
   9.59571   0 18.1  0.693 6.404 100  1.6 390 24 666 20.2376.11 20.31 12.1
   24.8017   0 18.1  0.693 5.349  96  1.7  28 24 666 20.2 396.9 19.77  8.3
   41.5292   0 18.1  0.693 5.53185.4  1.6  74 24 666 20.2329.46 27.38  8.5
   67.9208   0 18.1  0.693 5.683 100  1.4 254 24 666 20.2384.97 22.98    5
   20.7162   0 18.1  0.659 4.138 100  1.1 781 24 666 20.2370.22 23.34 11.9
   11.9511   0 18.1  0.659 5.608 100  1.2 852 24 666 20.2332.09 12.13 27.9
   7.40389   0 18.1  0.597 5.61797.9  1.4 547 24 666 20.2314.64  26.4 17.2
   14.4383   0 18.1  0.597 6.852 100  1.4 655 24 666 20.2179.36 19.78 27.5
   51.1358   0 18.1  0.597 5.757 100  1.4 130 24 666 20.2   2.6 10.11   15
   14.0507   0 18.1  0.597 6.657 100  1.5 275 24 666 20.2 35.05 21.22 17.2
    18.811   0 18.1  0.597 4.628 100  1.5 539 24 666 20.2 28.79 34.37 17.9
   28.6558   0 18.1  0.597 5.155 100  1.5 894 24 666 20.2210.97 20.08 16.3
   45.7461   0 18.1  0.693 4.519 100  1.6 582 24 666 20.2 88.27 36.98    7
   18.0846   0 18.1  0.679 6.434 100  1.8 347 24 666 20.2 27.25 29.05  7.2
   10.8342   0 18.1  0.679 6.78290.8  1.8 195 24 666 20.2 21.57 25.79  7.5
   25.9406   0 18.1  0.679 5.30489.1  1.6 475 24 666 20.2127.36 26.64 10.4
   73.5341   0 18.1  0.679 5.957 100  1.8  26 24 666 20.2 16.45 20.62  8.8
   11.8123   0 18.1  0.718 6.82476.5  1.7 940 24 666 20.2 48.45 22.74  8.4
   11.0874   0 18.1  0.718 6.411 100  1.8 589 24 666 20.2318.75 15.02 16.7
   7.02259   0 18.1  0.718 6.00695.3  1.8 746 24 666 20.2319.98  15.7 14.2
   12.0482   0 18.1  0.614 5.64887.6  1.9 512 24 666 20.2291.55  14.1 20.8
   7.05042   0 18.1  0.614 6.10385.1    2 218 24 666 20.2  2.52 23.29 13.4
   8.79212   0 18.1  0.584 5.56570.6    2 635 24 666 20.2  3.65 17.16 11.7
   15.8603   0 18.1  0.679 5.89695.4  1.9  96 24 666 20.2  7.68 24.39  8.3
   12.2472   0 18.1  0.584 5.83759.7  1.9 976 24 666 20.2 24.65 15.69 10.2
   37.6619   0 18.1  0.679 6.20278.7  1.8 629 24 666 20.2 18.82 14.52 10.9
   7.36711   0 18.1  0.679 6.19378.1  1.9 356 24 666 20.2 96.73 21.52   11
   9.33889   0 18.1  0.679  6.3895.6  1.9 682 24 666 20.2 60.72 24.08  9.5
   8.49213   0 18.1  0.584 6.34886.1    2 527 24 666 20.2 83.45 17.64 14.5
   10.0623   0 18.1  0.584 6.83394.3    2 882 24 666 20.2 81.33 19.69 14.1
   6.44405   0 18.1  0.584 6.42574.8  2.2   4 24 666 20.2 97.95 12.03 16.1
   5.58107   0 18.1  0.713 6.43687.9  2.3 158 24 666 20.2100.19 16.22 14.3
   13.9134   0 18.1  0.713 6.208  95  2.2 222 24 666 20.2100.63 15.17 11.7
   11.1604   0 18.1   0.74 6.62994.6  2.1 247 24 666 20.2109.85 23.27 13.4
   14.4208   0 18.1   0.74 6.46193.3    2  26 24 666 20.2 27.49 18.05  9.6
   15.1772   0 18.1   0.74 6.152 100  1.9 142 24 666 20.2  9.32 26.45  8.7
   13.6781   0 18.1   0.74 5.93587.9  1.8 206 24 666 20.2 68.95 34.02  8.4
   9.39063   0 18.1   0.74 5.62793.9  1.8 172 24 666 20.2 396.9 22.88 12.8
   22.0511   0 18.1   0.74 5.81892.4  1.8 662 24 666 20.2391.45 22.11 10.5
   9.72418   0 18.1   0.74 6.40697.2    2 651 24 666 20.2385.96 19.52 17.1
   5.66637   0 18.1   0.74 6.219 100    2  48 24 666 20.2395.69 16.59 18.4
   9.96654   0 18.1   0.74 6.485 100  1.9 784 24 666 20.2386.73 18.85 15.4
   12.8023   0 18.1   0.74 5.85496.6  1.8 956 24 666 20.2240.52 23.79 10.8
   10.6718   0 18.1   0.74 6.45994.8  1.9 879 24 666 20.2 43.06 23.98 11.8
   6.28807   0 18.1   0.74 6.34196.4    2 720 24 666 20.2318.01 17.79 14.9
   9.92485   0 18.1   0.74 6.25196.6  2.1 980 24 666 20.2388.52 16.44 12.6
   9.32909   0 18.1  0.713 6.18598.7  2.2 616 24 666 20.2 396.9 18.13 14.1
   7.52601   0 18.1  0.713 6.41798.3  2.1 850 24 666 20.2304.21 19.31   13
   6.71772   0 18.1  0.713 6.74992.6  2.3 236 24 666 20.2  0.32 17.44 13.4
   5.44114   0 18.1  0.713 6.65598.2  2.3 552 24 666 20.2355.29 17.73 15.2
   5.09017   0 18.1  0.713 6.29791.8  2.3 682 24 666 20.2385.09 17.27 16.1
   8.24809   0 18.1  0.713 7.39399.3  2.4 527 24 666 20.2375.87 16.74 17.8
   9.51363   0 18.1  0.713 6.72894.1  2.4 961 24 666 20.2  6.68 18.71 14.9
   4.75237   0 18.1  0.713 6.52586.5  2.4 358 24 666 20.2 50.92 18.13 14.1
   4.66883   0 18.1  0.713 5.97687.9  2.5 806 24 666 20.2 10.48 19.01 12.7
   8.20058   0 18.1  0.713 5.93680.3  2.7 792 24 666 20.2   3.5 16.94 13.5
   7.75223   0 18.1  0.713 6.30183.7  2.7 831 24 666 20.2272.21 16.23 14.9
   6.80117   0 18.1  0.713 6.08184.4  2.7 175 24 666 20.2 396.9  14.7   20
   4.81213   0 18.1  0.713 6.701  90  2.5 975 24 666 20.2255.23 16.42 16.4
   3.69311   0 18.1  0.713 6.37688.4  2.5 671 24 666 20.2391.43 14.65 17.7
   6.65492   0 18.1  0.713 6.317  83  2.7 344 24 666 20.2 396.9 13.99 19.5
   5.82115   0 18.1  0.713 6.51389.9  2.8  16 24 666 20.2393.82 10.29 20.2
   7.83932   0 18.1  0.655 6.20965.4  2.9 634 24 666 20.2 396.9 13.22 21.4
    3.1636   0 18.1  0.655 5.75948.2    3 665 24 666 20.2 334.4 14.13 19.9
   3.77498   0 18.1  0.655 5.95284.7  2.8 715 24 666 20.2 22.01 17.15   19
   4.42228   0 18.1  0.584 6.00394.5  2.5 403 24 666 20.2331.29 21.32 19.1
   15.5757   0 18.1   0.58 5.926  71  2.9  84 24 666 20.2368.74 18.13 19.1
   13.0751   0 18.1   0.58 5.71356.7  2.8 237 24 666 20.2 396.9 14.76 20.1
   4.34879   0 18.1   0.58 6.167  84    3 334 24 666 20.2 396.9 16.29 19.9
   4.03841   0 18.1  0.532 6.22990.7    3 993 24 666 20.2395.33 12.87 19.6
   3.56868   0 18.1   0.58 6.437  75  2.8 965 24 666 20.2393.37 14.36 23.2
   4.64689   0 18.1  0.614  6.9867.6  2.5 329 24 666 20.2374.68 11.66 29.8
   8.05579   0 18.1  0.584 5.42795.4  2.4 298 24 666 20.2352.58 18.14 13.8
   6.39312   0 18.1  0.584 6.16297.4  2.2  60 24 666 20.2302.76  24.1 13.3
   4.87141   0 18.1  0.614 6.48493.6  2.3  53 24 666 20.2396.21 18.68 16.7
   15.0234   0 18.1  0.614 5.30497.3  2.1   7 24 666 20.2349.48 24.91   12
    10.233   0 18.1  0.614 6.18596.7  2.1 705 24 666 20.2 379.7 18.03 14.6
   14.3337   0 18.1  0.614 6.229  88  1.9 512 24 666 20.2383.32 13.11 21.4
   5.82401   0 18.1  0.532 6.24264.7  3.4 242 24 666 20.2 396.9 10.74   23
   5.70818   0 18.1  0.532  6.7574.9  3.3 317 24 666 20.2393.07  7.74 23.7
   5.73116   0 18.1  0.532 7.061  77  3.4 106 24 666 20.2395.28  7.01   25
   2.81838   0 18.1  0.532 5.76240.3    4 983 24 666 20.2392.92 10.42 21.8
   2.37857   0 18.1  0.583 5.87141.9  3.7 240 24 666 20.2370.73 13.34 20.6
   3.67367   0 18.1  0.583 6.31251.9  3.9 917 24 666 20.2388.62 10.58 21.2
   5.69175   0 18.1  0.583 6.11479.8  3.5 459 24 666 20.2392.68 14.98 19.1
   4.83567   0 18.1  0.583 5.90553.2  3.1 523 24 666 20.2388.22 11.45 20.6
   0.15086   027.74  0.609 5.45492.7  1.8 209  4 711 20.1395.09 18.06 15.2
   0.18337   027.74  0.609 5.41498.3  1.7 554  4 711 20.1344.05 23.97    7
   0.20746   027.74  0.609 5.093  98  1.8 226  4 711 20.1318.43 29.68  8.1
   0.10574   027.74  0.609 5.98398.8  1.8 681  4 711 20.1390.11 18.07 13.6
   0.11132   027.74  0.609 5.98383.5  2.1  99  4 711 20.1 396.9 13.35 20.1
   0.17331   0 9.69  0.585 5.707  54  2.3 817  6 391 19.2 396.9 12.01 21.8
   0.27957   0 9.69  0.585 5.92642.6  2.3 817  6 391 19.2 396.9 13.59 24.5
   0.17899   0 9.69  0.585  5.6728.8  2.7 986  6 391 19.2393.29  17.6 23.1
    0.2896   0 9.69  0.585  5.3972.9  2.7 986  6 391 19.2 396.9 21.14 19.7
   0.26838   0 9.69  0.585 5.79470.6  2.8 927  6 391 19.2 396.9  14.1 18.3
   0.23912   0 9.69  0.585 6.01965.3  2.4  91  6 391 19.2 396.9 12.92 21.2
   0.17783   0 9.69  0.585 5.56973.5  2.3 999  6 391 19.2395.77  15.1 17.5
   0.22438   0 9.69  0.585 6.02779.7  2.4 982  6 391 19.2 396.9 14.33 16.8
   0.06263   011.93  0.573 6.59369.1  2.4 786  1 273   21391.99  9.67 22.4
   0.04527   011.93  0.573  6.1276.7  2.2 875  1 273   21 396.9  9.08 20.6
   0.06076   011.93  0.573 6.976  91  2.1 675  1 273   21 396.9  5.64 23.9
   0.10959   011.93  0.573 6.79489.3  2.3 889  1 273   21393.45  6.48   22
   0.04741   011.93  0.573  6.0380.8  2.5  50  1 273   21 396.9  7.88 11.9
